eval_acc = 0.7235142118863049
eval_loss = 1.0286954045295715
